20 100 2 1
q1_l1
q1_l2
q1_l3
q1_l4
q1_l5
q1_l6
q1_l7
q1_l8
q1_l9
q1_l10
q1_l11
q1_l12
q1_l13
q1_l14
q1_l15
q1_l16
q1_l17
q1_l18
q1_l19
q1_l20
q1_l21
q1_l22
q1_l23
q1_l24
q1_l25
q1_l26
q1_l27
q1_l28
q1_l29
q1_l30
q1_l31
q1_l32
q1_l33
q1_l34
q1_l35
q1_l36
q1_l37
q1_l38
q1_l39
q1_l40
q1_l41
q1_l42
q1_l43
q1_l44
q1_l45
q1_l46
q1_l47
q1_l48
q1_l49
q1_l50
q1_l51
q1_l52
q1_l53
q1_l54
q1_l55
q1_l56
q1_l57
q1_l58
q1_l59
q1_l60
q1_l61
q1_l62
q1_l63
q1_l64
q1_l65
q1_l66
q1_l67
q1_l68
q1_l69
q1_l70
q1_l71
q1_l72
q1_l73
q1_l74
q1_l75
q1_l76
q1_l77
q1_l78
q1_l79
q1_l80
q1_l81
q1_l82
q1_l83
q1_l84
q1_l85
q1_l86
q1_l87
q1_l88
q1_l89
q1_l90
q1_l91
q1_l92
q1_l93
q1_l94
q1_l95
q1_l96
q1_l97
q1_l98
q1_l99
q1_l100
01 22 11 22 22 11 22 12 22 22 22 22 21 21 11 11 22 11 21 11 11 11 11 11 21 22 11 22 22 11 11 22 11 11 11 22 11 11 22 22 11 11 12 22 22 11 22 11 22 21 11 22 11 11 12 22 22 11 11 21 11 11 21 11 11 11 11 11 11 11 22 11 12 21 22 11 11 11 11 21 21 12 11 22 11 22 11 11 12 11 11 11 11 22 22 11 12 22 11 22 22 
01 22 11 21 21 11 22 11 11 22 22 22 12 11 11 11 22 11 22 11 21 11 11 11 11 22 11 21 22 21 22 22 11 11 12 22 11 11 22 22 21 11 12 22 21 11 22 11 22 21 11 22 21 22 22 21 22 12 11 12 11 11 11 11 11 11 11 21 11 11 21 11 21 11 22 11 11 11 11 12 21 11 22 22 21 22 11 11 22 11 11 11 11 11 22 11 11 11 11 22 11 
01 22 11 22 22 11 22 22 22 22 22 12 11 11 11 11 22 11 11 11 11 11 11 11 12 22 22 22 22 11 12 22 11 11 11 22 11 11 22 22 11 22 12 22 11 11 12 11 22 21 11 22 11 22 22 11 22 11 11 11 11 11 11 11 11 11 11 21 11 11 22 11 22 11 22 11 11 11 22 11 11 22 11 22 11 22 11 11 22 11 11 11 11 22 22 11 12 12 11 22 22 
01 22 11 22 11 11 22 21 11 22 22 12 11 12 11 11 22 11 22 11 11 11 11 11 21 12 11 12 22 21 11 22 11 11 11 22 11 11 22 22 11 21 21 22 11 11 12 11 21 22 11 21 22 21 22 11 22 11 11 21 11 11 11 12 11 11 11 22 11 12 22 11 11 12 12 11 11 11 11 21 21 11 11 22 21 22 11 11 22 11 11 11 11 21 22 11 11 12 11 21 11 
01 12 11 22 22 11 22 12 11 22 22 11 11 21 11 11 22 11 22 11 11 11 11 11 22 12 21 11 22 21 11 22 11 11 21 22 11 11 22 12 21 11 11 22 21 22 11 11 22 22 11 22 11 11 12 21 22 12 11 11 11 11 21 12 11 11 11 12 11 11 11 11 12 11 22 11 11 11 11 22 12 11 11 22 11 22 11 11 22 11 11 11 11 21 22 11 11 22 11 22 11 
01 22 11 22 21 11 22 22 11 22 22 22 11 21 11 11 22 11 22 11 11 11 11 12 22 22 21 21 22 11 21 22 11 11 11 22 11 11 22 21 11 21 21 22 11 21 11 11 22 22 11 22 21 21 22 11 22 11 11 11 11 11 11 12 11 11 11 12 11 11 12 11 11 11 22 11 11 11 11 21 22 22 11 22 21 22 11 11 21 11 11 11 11 22 22 11 11 21 11 22 12 
01 22 11 22 22 11 22 22 21 22 22 22 11 11 11 11 22 11 22 11 21 11 11 11 22 21 12 22 22 12 12 22 11 21 11 21 11 11 22 22 11 11 11 22 11 12 21 11 12 22 11 12 21 11 21 22 22 12 11 22 11 11 21 11 11 11 11 11 11 11 22 11 11 11 21 11 11 12 11 22 11 11 12 22 11 22 11 11 22 11 12 11 11 22 22 11 11 12 11 22 22 
01 22 11 22 22 11 22 22 11 22 22 21 21 11 11 11 22 11 22 11 11 11 11 11 22 22 11 21 22 11 11 22 11 11 11 22 12 11 22 22 11 11 11 22 11 22 21 11 22 11 11 22 22 21 22 21 22 12 11 11 11 11 22 11 12 11 11 12 11 11 21 11 12 11 22 11 11 11 12 12 12 11 11 22 11 22 11 11 12 11 11 11 12 22 22 11 11 12 11 22 21 
01 22 11 22 22 11 22 21 12 22 22 21 11 11 11 11 22 11 22 11 21 11 11 11 22 11 22 22 22 12 12 22 11 11 21 22 11 11 22 11 11 11 12 22 12 11 11 11 11 21 11 22 11 11 22 22 12 22 11 11 11 11 11 11 11 11 11 12 11 11 22 11 21 21 22 11 11 11 21 21 12 11 22 22 11 22 11 11 22 11 11 11 11 22 22 11 12 11 11 22 11 
01 22 11 22 22 11 22 21 22 22 22 21 11 11 11 11 22 11 12 11 11 11 21 22 11 11 22 22 22 22 11 22 11 21 11 22 11 11 22 21 11 12 11 22 21 21 21 11 12 22 11 22 11 12 22 22 22 21 11 22 11 11 12 11 11 11 11 12 11 21 22 11 11 22 22 11 11 21 22 21 11 21 21 22 11 22 11 11 22 11 11 11 11 22 22 11 21 21 11 22 21 
02 22 11 22 22 11 22 22 12 22 22 22 11 21 11 11 22 11 22 11 12 11 11 22 11 22 12 11 22 22 11 22 11 22 21 22 21 11 22 21 11 22 21 22 22 22 11 11 22 22 11 22 11 12 22 12 22 12 11 21 11 11 21 21 11 11 11 21 11 11 12 11 11 12 22 11 11 21 12 11 12 11 12 22 11 22 11 11 22 11 12 11 11 22 22 11 21 11 11 22 12 
02 21 11 12 22 11 22 12 22 22 22 21 21 22 11 11 22 11 11 11 11 11 11 22 22 12 11 12 22 22 11 22 11 12 12 12 21 11 22 22 12 22 11 22 21 12 11 11 12 12 11 22 12 12 12 22 22 12 11 11 11 11 11 12 11 11 11 11 11 11 21 11 12 12 22 11 11 22 12 11 12 11 12 22 11 22 11 11 22 11 12 11 11 21 22 11 11 11 11 12 12 
02 22 11 22 22 11 22 22 11 22 22 12 22 22 11 11 22 21 22 11 12 21 11 22 21 22 12 11 22 11 11 22 11 12 21 22 11 12 22 22 11 12 12 22 22 22 11 11 21 22 11 22 12 11 22 12 12 11 11 21 11 11 22 11 11 11 11 11 11 21 21 11 11 11 22 11 11 12 21 11 11 22 11 22 11 22 11 11 22 11 21 11 11 22 22 11 11 11 11 22 12 
02 12 11 22 22 11 21 21 11 22 22 22 21 21 11 11 22 11 21 11 11 11 11 22 12 12 22 11 22 22 11 22 11 11 21 22 11 12 22 12 11 11 12 22 21 22 21 11 12 22 11 22 11 12 22 12 21 22 11 22 11 11 11 21 11 11 11 12 11 11 11 11 11 21 22 11 11 11 11 11 12 21 21 22 21 22 11 12 22 11 11 11 11 22 22 11 11 11 11 22 21 
02 22 11 22 21 11 22 22 11 22 22 22 11 11 11 11 22 11 21 11 21 11 21 22 12 22 11 21 22 21 11 22 11 11 21 22 11 11 22 11 12 12 11 22 22 22 12 11 12 22 11 22 11 21 22 11 22 22 11 22 11 11 22 21 11 11 11 11 11 12 21 11 11 11 22 11 11 21 11 11 11 22 21 22 11 22 11 11 22 11 11 11 11 12 22 11 21 21 11 22 11 
02 22 11 22 22 11 22 21 12 22 22 12 12 21 11 11 22 11 12 11 11 11 11 22 11 22 11 12 22 12 11 22 11 11 22 22 12 11 22 22 21 12 11 22 21 12 12 11 22 12 11 22 11 21 21 11 21 21 11 12 11 11 21 11 11 11 11 11 11 11 21 11 21 11 12 11 11 22 11 11 21 11 22 22 11 22 11 11 22 11 11 11 11 12 22 11 12 22 11 22 12 
02 22 11 22 22 11 22 22 21 22 22 12 12 12 11 11 22 11 12 11 11 11 11 21 21 22 11 22 22 12 11 22 11 12 11 21 11 11 22 22 11 22 21 22 21 11 11 11 22 22 11 21 11 11 22 21 22 11 11 21 11 11 21 11 11 11 11 11 11 11 11 11 21 11 22 11 11 12 11 11 12 21 12 22 11 22 11 11 12 11 11 11 11 12 22 11 22 12 11 21 12 
02 22 11 21 22 11 22 11 11 22 22 22 21 12 11 11 22 11 12 11 11 11 21 12 12 22 11 11 22 11 11 22 11 21 12 12 11 11 22 21 11 21 11 22 22 22 21 11 22 12 11 22 21 11 22 12 22 11 11 12 11 11 12 21 11 11 11 11 11 12 11 11 11 11 11 11 11 21 11 11 11 21 11 22 11 22 11 21 22 11 11 11 11 22 22 11 11 12 11 12 22 
02 12 11 22 22 11 22 12 12 22 22 12 11 11 11 11 22 11 12 11 11 11 12 21 22 21 12 22 22 22 11 22 11 12 11 22 11 11 22 11 11 21 12 22 22 22 12 11 11 22 11 22 11 22 22 11 22 22 11 12 11 11 22 11 11 11 11 11 11 12 12 11 12 11 22 11 11 12 11 21 11 12 12 22 11 22 21 21 22 11 11 11 11 22 22 11 21 21 11 22 12 
02 22 11 22 22 11 22 22 12 22 22 12 11 12 11 11 22 11 11 11 11 11 12 21 12 22 11 22 22 11 11 22 11 11 22 22 11 11 22 22 11 11 11 22 21 22 12 11 22 11 11 22 12 11 22 12 22 21 11 21 11 11 12 21 11 11 11 11 11 11 21 11 21 11 22 11 11 21 11 11 11 11 21 22 21 22 11 12 22 11 21 11 11 12 22 11 12 21 11 22 11 
03 12 11 22 11 11 21 22 12 22 22 22 11 22 11 11 22 11 12 11 11 11 21 12 12 21 11 21 22 12 21 22 11 12 11 22 12 11 12 22 11 22 21 22 12 12 11 11 22 21 11 22 12 11 11 11 22 11 11 11 11 11 12 11 11 11 11 12 11 21 11 11 11 11 22 11 11 22 11 21 12 22 12 21 11 22 11 21 22 11 11 11 11 22 22 11 21 22 11 21 22 
03 22 11 22 22 11 12 22 12 22 22 21 22 12 11 11 22 11 12 11 11 11 21 22 22 22 21 21 22 12 11 22 11 11 21 22 11 11 22 21 21 12 11 22 22 22 11 11 22 12 11 22 22 11 12 21 22 22 11 12 11 11 11 11 11 11 11 11 11 11 21 11 21 12 22 11 11 12 11 11 11 12 11 22 12 22 11 11 22 11 11 11 11 21 22 11 22 22 11 21 21 
03 22 11 22 22 11 22 21 22 22 22 22 21 22 11 11 22 11 11 11 11 11 11 22 12 22 11 21 22 12 11 22 11 12 21 21 11 11 22 22 11 22 11 22 22 11 11 11 11 22 11 22 11 11 12 12 22 21 11 12 11 11 11 11 11 11 11 22 11 21 12 11 12 11 22 11 11 22 11 11 21 11 12 21 11 22 11 11 22 11 11 11 11 21 22 11 21 11 12 22 12 
03 21 11 22 22 11 21 11 22 22 22 21 21 21 11 11 22 11 12 11 11 11 11 12 12 12 22 22 22 22 11 22 11 12 21 22 11 11 22 12 11 12 11 22 22 12 22 11 21 21 11 21 12 11 22 21 22 21 11 12 11 11 12 12 11 11 11 11 11 12 11 11 12 12 22 11 11 12 11 11 11 22 21 22 11 22 11 12 12 11 11 11 11 12 22 11 11 11 11 22 22 
03 22 11 22 21 11 21 21 11 22 22 22 12 22 11 11 22 11 22 11 11 11 21 21 22 21 11 22 22 12 11 22 11 11 11 22 11 21 21 22 11 22 22 22 21 22 11 11 11 12 11 22 11 11 21 22 22 21 11 11 11 11 21 11 11 11 11 11 11 11 11 11 12 11 22 11 11 12 12 11 21 11 21 22 11 22 11 11 22 11 11 11 11 12 22 11 21 12 11 22 12 
03 22 11 22 22 11 22 21 11 22 22 22 12 22 11 11 22 11 21 11 11 11 22 12 12 22 11 12 22 12 11 22 11 12 11 12 11 21 22 21 11 22 12 22 21 22 11 11 22 22 11 22 11 11 11 11 22 12 11 21 11 11 11 11 11 11 11 11 11 21 11 11 12 11 22 11 11 22 21 11 11 12 12 22 11 22 11 11 12 11 11 11 11 12 22 11 21 11 11 21 11 
03 22 11 22 22 11 12 21 21 22 22 12 22 12 11 11 22 11 12 11 11 21 12 21 21 12 11 12 22 21 11 22 11 11 22 22 11 11 22 21 11 22 12 22 22 12 11 11 22 11 11 22 11 21 12 11 22 12 11 21 11 11 11 11 11 11 11 11 11 11 11 11 22 11 22 11 11 12 11 21 22 12 11 22 11 22 11 11 22 11 11 11 11 22 22 11 22 11 11 12 21 
03 22 11 22 12 11 22 22 12 22 22 22 11 21 11 11 22 11 11 11 11 11 11 21 12 21 12 21 22 12 11 22 11 21 11 21 12 11 21 12 11 22 12 22 22 21 11 11 12 12 11 22 21 12 11 11 22 12 11 12 11 11 22 11 11 11 11 11 11 11 11 11 12 21 22 11 11 11 11 21 11 21 12 22 11 22 11 11 22 11 11 11 11 12 22 11 11 11 11 22 11 
03 22 11 22 22 11 22 22 22 22 22 12 11 21 11 11 22 12 22 11 11 11 11 12 11 22 11 12 22 21 11 22 11 11 11 22 11 12 22 22 11 22 11 22 22 12 11 11 22 12 11 12 11 21 21 21 22 11 11 21 11 11 11 11 11 11 11 21 11 11 11 11 21 21 21 11 11 11 11 21 11 12 11 22 11 22 11 11 22 11 11 11 11 21 22 11 11 11 11 11 11 
03 22 11 22 22 11 22 22 21 22 22 12 21 21 11 11 22 11 22 11 21 12 21 22 21 22 11 21 22 12 21 22 11 21 11 12 12 11 22 22 21 22 21 22 22 22 11 11 22 12 11 21 11 12 22 22 22 12 11 12 11 11 11 21 11 11 11 11 11 11 21 11 11 21 12 11 11 11 11 11 11 11 21 22 11 22 11 11 22 11 11 11 11 21 22 11 11 11 11 22 21 
04 22 11 22 12 11 21 21 12 22 22 12 12 11 11 11 22 11 22 11 11 11 22 12 21 22 11 12 22 11 11 22 11 12 11 12 11 21 21 11 11 11 21 22 22 22 22 11 22 22 11 22 11 21 21 12 22 22 11 21 11 12 11 11 11 11 11 21 11 11 21 11 11 12 12 11 11 22 11 12 21 22 21 22 12 22 11 11 11 11 11 11 11 22 22 11 11 21 21 22 22 
04 22 11 22 22 11 22 22 12 22 22 22 12 11 11 11 22 21 22 11 11 11 11 22 12 22 11 22 22 22 11 22 11 11 12 21 21 11 22 22 11 22 12 22 11 22 21 11 21 22 11 22 12 21 22 22 22 22 11 21 11 11 12 11 11 11 21 11 11 11 22 11 11 12 22 11 11 12 11 21 11 11 21 22 11 22 11 11 22 11 11 11 11 12 22 11 12 11 11 22 22 
04 22 11 22 22 11 22 11 22 22 22 22 11 12 11 11 22 11 22 11 11 21 12 12 12 22 21 11 22 11 11 22 11 11 22 12 11 12 22 11 11 11 11 22 22 22 21 11 11 22 11 22 11 11 12 11 22 12 11 11 11 11 11 11 11 11 12 11 11 12 11 11 22 11 12 11 11 21 11 21 11 11 12 22 11 22 11 11 12 11 11 11 11 22 22 11 11 11 21 22 22 
04 22 11 22 12 11 11 11 21 22 22 22 12 21 11 11 22 21 22 11 11 11 22 22 22 22 11 12 22 21 11 22 11 11 22 22 11 22 12 11 11 21 21 22 22 21 21 11 22 22 11 22 12 21 12 12 22 12 11 12 11 11 11 11 11 11 12 11 11 12 12 11 21 21 22 11 11 21 21 11 11 22 11 22 21 22 11 21 22 11 11 11 11 12 22 11 11 21 12 22 21 
04 12 11 22 22 11 22 11 12 22 22 21 22 12 11 11 22 11 12 11 11 11 12 11 21 21 11 11 22 12 11 22 11 11 21 22 11 12 22 22 11 22 12 22 11 12 12 11 22 22 11 22 11 11 22 22 22 21 11 12 11 11 11 11 11 11 21 11 11 11 11 11 11 11 22 11 11 12 11 11 12 21 22 22 11 22 11 11 21 11 21 11 11 22 22 11 21 12 11 22 21 
04 11 11 12 22 11 22 22 21 22 22 12 22 11 11 11 22 11 12 11 11 11 11 12 21 21 11 11 22 12 11 22 11 11 21 22 11 21 21 22 11 22 22 22 22 12 21 11 21 22 11 22 21 11 12 22 22 21 11 21 11 11 11 11 11 11 21 11 11 11 11 11 12 12 21 11 11 12 21 11 12 11 21 22 12 22 11 22 22 11 11 11 11 21 22 11 21 22 21 22 22 
04 22 11 22 22 11 22 22 11 22 22 22 22 22 11 11 22 11 21 11 11 11 22 12 22 22 11 11 22 11 12 22 11 12 22 22 11 11 22 22 12 22 12 12 11 22 22 11 21 11 11 22 11 12 22 12 22 11 11 12 11 11 11 21 11 11 21 11 11 12 11 11 11 11 12 11 11 22 11 12 21 21 11 22 11 22 11 11 22 11 11 11 11 21 22 11 21 12 12 21 22 
04 12 11 21 21 11 22 22 11 22 22 22 21 22 11 11 22 11 21 11 21 11 12 12 22 22 22 12 22 21 11 22 11 21 22 21 11 12 22 11 12 21 12 22 12 12 12 11 21 21 11 21 21 21 21 21 22 22 11 11 11 11 12 11 11 11 11 12 11 22 11 11 22 11 22 11 11 21 11 11 12 21 12 22 11 22 11 11 22 11 11 11 11 11 22 11 12 12 12 22 22 
04 22 11 22 22 11 22 12 21 22 22 22 21 11 11 11 22 11 22 11 11 11 11 21 12 21 11 22 22 21 11 22 11 11 12 21 11 21 22 12 11 21 22 22 21 12 11 11 11 21 11 22 12 11 12 21 22 22 11 12 11 11 11 11 11 11 12 22 11 11 11 11 11 22 21 11 11 12 11 21 11 11 21 22 11 22 11 11 22 11 11 11 21 11 22 11 11 11 11 11 21 
04 12 11 22 22 11 22 12 22 22 22 22 22 12 11 11 22 11 22 11 11 11 22 22 12 22 21 12 22 11 11 22 11 12 21 22 11 11 21 12 21 21 21 22 12 21 11 11 12 12 11 22 12 11 11 11 22 22 11 11 11 11 21 11 11 11 21 11 11 12 21 11 21 22 22 11 11 22 11 11 21 22 22 22 11 22 11 11 22 11 11 11 11 12 22 11 12 11 11 22 22 
05 22 11 22 22 11 21 22 21 22 22 22 12 22 11 21 22 12 12 11 11 11 11 11 12 22 11 21 22 12 11 22 11 11 11 22 12 22 22 12 21 12 22 22 21 12 21 11 22 22 11 22 12 12 21 11 22 11 11 11 11 11 11 11 11 11 11 12 11 11 11 11 21 12 22 11 11 11 12 12 22 12 22 21 22 22 11 11 22 11 11 11 11 22 22 11 11 12 11 12 21 
05 22 11 22 22 11 22 12 12 22 22 22 12 22 11 11 22 11 22 11 11 11 11 22 11 21 11 11 21 21 11 22 11 21 12 22 11 21 21 11 21 22 12 22 22 12 11 11 22 12 11 22 22 12 12 12 22 12 11 22 11 11 21 21 11 11 11 12 12 11 22 11 12 11 22 11 11 22 11 11 11 22 21 22 21 22 11 11 22 11 11 11 11 12 22 11 11 11 11 11 22 
05 22 11 22 22 11 22 22 12 22 22 22 22 21 11 11 22 21 21 11 11 11 12 22 11 22 12 21 22 12 11 22 11 11 11 22 11 21 12 22 11 22 12 22 11 22 12 11 12 22 11 22 11 11 12 12 22 11 11 11 11 11 11 11 11 11 12 22 11 11 21 11 21 22 12 11 11 22 11 12 22 22 11 22 21 22 11 11 22 11 11 11 11 21 22 11 11 11 11 21 22 
05 22 11 22 22 11 22 22 11 22 22 22 22 11 11 12 22 11 22 11 11 11 21 22 22 22 11 11 22 22 11 22 11 21 21 12 21 11 22 22 11 22 21 22 21 12 12 11 22 21 21 22 11 12 21 22 22 11 11 11 11 11 11 11 11 11 11 21 11 11 11 11 11 22 22 11 11 21 21 11 12 11 11 22 11 22 11 11 22 11 11 11 11 22 22 11 12 22 11 22 22 
05 22 11 22 22 11 22 21 12 12 22 12 22 21 11 11 22 11 22 11 11 11 12 22 11 11 11 11 22 12 11 22 11 12 11 22 11 11 12 11 11 12 11 22 22 21 11 11 11 22 11 22 21 12 11 12 22 22 11 21 11 11 11 11 11 11 11 21 11 12 11 11 12 12 12 11 11 12 11 21 21 21 11 22 11 22 11 11 22 11 11 11 11 22 22 11 11 21 21 22 22 
05 22 11 22 22 11 22 12 12 22 22 12 22 22 11 11 22 11 22 11 11 11 21 22 11 22 11 11 22 12 11 22 11 22 11 22 11 11 12 12 11 22 11 22 11 11 11 11 22 22 11 22 22 11 21 12 22 21 11 11 11 11 21 11 11 11 11 22 11 11 12 11 11 21 22 11 11 22 11 22 12 21 11 22 12 22 11 11 22 11 11 11 11 22 22 11 21 22 12 22 12 
05 12 11 22 22 11 12 12 22 12 22 22 22 12 11 11 22 11 21 11 11 11 21 22 11 12 11 21 22 22 11 22 11 12 12 11 12 12 11 12 12 22 21 22 21 21 11 11 21 22 21 12 11 22 11 12 22 21 11 21 11 11 11 21 21 11 11 11 12 11 21 11 11 12 22 11 11 11 11 11 11 11 12 12 12 22 11 11 22 11 11 11 11 12 22 11 11 11 21 22 22 
05 22 11 22 22 11 22 22 12 22 22 22 11 11 11 21 22 11 11 11 11 11 11 22 11 22 11 12 22 21 11 22 11 11 12 21 11 11 12 12 21 21 21 22 12 21 22 11 21 22 11 22 22 21 21 11 22 12 11 11 11 11 12 11 11 11 11 21 11 21 11 11 11 11 22 11 11 22 11 11 12 21 21 22 11 22 11 11 22 11 11 11 11 12 22 11 12 12 11 22 22 
05 22 11 22 12 11 22 22 22 22 22 22 21 22 11 11 22 11 22 11 11 11 11 22 21 22 21 11 22 21 11 22 11 12 22 21 11 11 21 22 12 12 21 12 21 21 11 11 22 11 11 22 21 21 11 12 22 12 11 11 11 11 11 11 11 11 11 22 11 11 11 11 11 21 22 11 11 11 11 22 11 12 12 22 21 22 11 11 22 11 11 11 11 22 22 11 21 12 21 22 22 
05 22 11 22 12 11 22 21 12 22 22 22 22 22 11 11 22 11 22 11 11 11 21 21 11 22 22 11 22 12 11 22 11 12 22 21 11 22 12 21 11 22 21 22 22 22 11 11 22 22 11 22 21 12 11 11 22 11 11 11 11 11 11 12 11 11 11 12 11 11 21 11 21 11 22 11 11 22 11 12 11 22 12 22 22 22 11 11 22 11 11 11 11 21 22 11 11 12 11 22 22 
06 22 11 22 21 11 12 21 12 11 22 22 22 21 11 12 22 12 22 11 11 11 11 22 11 21 11 11 22 22 12 22 21 22 21 22 21 21 12 22 21 22 12 22 11 12 22 11 21 21 11 22 11 11 21 21 22 12 11 11 11 11 11 11 11 11 11 21 12 21 11 11 21 11 22 11 11 12 11 21 21 22 22 22 12 22 11 11 22 11 21 11 11 22 22 11 11 12 21 22 22 
06 12 11 22 22 11 22 11 21 22 22 22 21 12 11 11 22 12 11 11 11 11 21 22 11 11 11 22 22 22 21 22 11 22 22 22 11 11 21 21 11 22 21 12 21 22 11 11 22 21 11 22 11 12 12 22 22 22 11 22 11 11 11 11 11 11 11 12 11 11 21 11 11 12 22 11 11 22 11 11 11 11 21 22 12 22 11 11 12 11 21 11 11 22 22 11 11 11 11 21 22 
06 22 11 22 22 11 22 21 21 12 22 22 21 11 11 11 22 11 21 11 11 22 11 21 12 11 21 12 22 12 11 22 11 12 22 11 11 11 11 21 11 22 12 22 22 21 11 11 12 12 11 22 11 21 12 11 22 22 11 21 11 11 11 12 11 11 11 12 22 12 21 11 11 11 22 11 11 22 11 21 21 22 11 22 11 22 11 11 12 11 21 11 11 22 22 11 11 21 22 22 22 
06 12 12 22 12 11 22 22 21 22 22 22 11 22 11 12 22 11 22 11 21 11 11 21 21 12 11 21 22 22 11 22 11 12 22 22 11 11 11 22 11 12 11 22 11 22 21 11 21 22 21 22 21 21 21 11 22 11 11 11 11 11 11 21 11 11 11 11 11 12 12 11 21 11 12 11 11 11 21 12 22 22 11 22 21 22 11 11 21 11 11 11 11 22 22 11 11 11 11 22 22 
06 22 11 22 22 11 12 12 22 22 22 22 22 21 12 11 22 11 12 11 11 21 11 21 21 22 12 11 22 21 11 22 11 21 11 22 22 21 21 21 11 22 21 21 11 22 11 11 12 21 11 22 21 11 21 11 22 12 11 21 11 11 11 11 11 11 11 21 22 22 12 11 11 11 22 11 11 12 12 12 22 22 11 11 11 22 11 21 11 11 11 11 11 12 22 11 11 21 21 22 22 
06 22 11 22 12 11 12 21 11 21 22 21 11 22 11 11 22 11 11 11 21 11 11 21 11 22 11 11 22 12 11 22 11 22 22 22 21 11 22 11 11 22 11 22 11 12 12 11 21 22 11 22 12 11 11 11 22 22 21 21 11 11 11 11 11 11 11 12 11 21 11 11 12 11 22 11 11 22 11 22 22 12 11 21 21 22 11 12 22 11 21 11 11 21 22 11 11 12 11 22 22 
06 22 11 22 22 11 12 22 21 22 22 22 11 12 11 12 22 11 11 11 11 11 11 11 12 21 11 11 22 21 11 22 11 21 22 22 12 11 22 11 11 22 12 21 22 21 11 11 22 12 12 22 12 22 22 21 22 11 11 12 11 11 11 11 11 11 11 12 12 21 21 11 11 21 22 11 11 22 11 11 12 12 11 22 11 12 11 11 12 11 12 11 11 22 22 11 12 11 11 22 22 
06 22 11 22 22 11 12 21 11 22 22 22 11 21 12 21 22 11 21 11 11 11 21 22 12 21 11 11 22 22 11 22 11 12 11 22 21 11 12 22 12 22 12 22 22 11 11 11 11 12 11 22 21 11 22 11 22 22 11 22 11 11 12 11 11 11 11 11 12 21 21 11 22 11 22 11 11 22 11 12 12 22 11 21 21 22 11 11 11 11 11 11 11 22 22 11 12 11 11 21 22 
06 22 11 22 12 11 21 22 11 11 22 22 22 22 11 11 22 11 21 11 11 11 22 22 11 11 11 11 22 21 11 22 11 11 21 22 11 11 11 22 11 22 12 22 21 22 12 11 12 21 11 22 11 21 21 11 22 11 11 11 11 11 11 11 21 11 12 22 11 12 11 12 11 11 22 11 11 21 11 22 11 21 12 22 11 22 11 11 22 11 11 11 11 21 22 11 11 22 21 21 22 
06 21 11 22 22 11 21 22 11 22 22 22 21 22 11 12 22 11 21 11 11 11 21 22 21 11 12 11 22 22 21 22 11 11 22 11 11 21 22 22 11 22 12 22 21 22 12 11 11 12 11 22 12 21 12 21 22 22 21 11 11 11 12 11 11 11 11 21 11 11 21 11 12 22 22 11 11 22 11 22 21 22 12 22 22 22 11 11 22 11 11 11 11 22 22 11 11 22 11 22 22 
07 21 11 22 22 11 22 12 12 22 22 22 11 21 11 12 22 11 12 11 11 12 21 22 21 22 11 11 22 22 11 22 11 11 22 22 11 11 21 12 11 22 21 22 11 21 21 11 12 12 11 22 12 22 11 11 12 12 11 12 11 11 21 11 11 11 11 11 11 11 22 11 12 11 22 11 21 22 12 12 21 12 11 22 12 22 11 11 11 11 12 11 11 22 22 11 21 11 11 22 12 
07 22 11 22 22 11 12 22 21 22 22 22 11 11 12 11 22 11 21 11 11 22 11 21 12 22 11 21 22 22 11 22 11 11 11 12 11 21 21 22 22 12 11 22 21 22 12 11 21 21 21 22 12 22 12 21 22 12 12 11 11 11 11 11 11 11 11 11 12 21 21 11 11 21 22 11 11 11 21 11 12 22 21 22 22 22 11 11 21 11 11 11 11 22 22 11 12 21 21 22 22 
07 11 11 22 22 11 22 21 11 12 22 22 11 22 12 12 22 12 22 12 11 11 11 22 21 22 11 11 22 21 11 22 11 12 12 22 12 22 21 22 21 22 12 22 22 22 12 11 12 22 12 22 21 21 12 22 22 12 11 22 11 11 11 11 11 11 11 11 11 22 22 11 11 12 22 11 11 12 11 22 22 12 11 22 22 22 11 11 11 11 11 11 11 22 22 11 11 11 11 22 21 
07 22 21 22 22 11 22 21 22 11 22 22 21 12 11 21 22 11 22 11 11 21 21 22 11 12 11 22 22 22 11 22 11 12 22 22 21 11 12 22 12 22 22 22 11 22 11 11 11 22 11 22 21 21 11 11 22 22 11 12 11 11 11 11 11 11 11 11 21 22 12 11 12 22 22 11 11 21 21 11 21 21 11 21 12 22 11 11 11 11 11 11 11 22 22 11 12 21 12 22 12 
07 22 11 22 22 11 21 22 22 22 22 22 11 11 11 12 22 11 12 11 11 12 21 22 11 22 11 21 22 21 11 22 11 21 21 12 11 22 22 22 12 11 21 21 12 12 11 11 11 22 21 22 11 21 11 11 22 11 11 21 11 11 11 11 11 11 11 21 12 22 22 11 11 22 22 11 11 22 22 21 22 12 12 12 12 22 11 11 22 11 11 11 11 21 22 11 21 21 11 22 12 
07 22 12 22 22 11 12 12 22 21 22 22 11 21 11 11 22 11 22 11 11 21 21 22 22 21 12 21 22 22 21 22 11 11 12 12 21 12 11 22 11 22 11 22 22 21 11 11 11 22 22 22 11 22 21 11 22 22 11 11 11 11 11 11 11 11 11 12 11 11 11 11 11 22 22 11 11 22 12 21 22 12 11 22 12 22 11 11 21 11 11 11 11 22 22 11 22 11 22 22 12 
07 21 21 22 22 11 22 22 11 12 22 22 12 12 22 21 22 11 21 11 11 12 22 22 12 11 11 22 22 22 12 22 11 21 21 12 11 11 22 22 22 21 21 22 22 21 12 11 11 21 11 22 12 22 11 11 22 21 11 21 11 11 11 11 11 11 12 12 12 21 22 11 11 12 21 11 11 22 11 21 21 12 11 22 22 22 11 11 11 11 11 11 11 22 22 11 21 22 21 22 22 
07 12 12 22 22 11 22 11 21 22 22 22 21 22 11 12 22 11 22 11 11 11 22 22 22 12 11 12 22 22 11 22 11 21 22 22 12 21 11 22 12 22 21 22 21 22 22 11 22 22 11 22 12 21 11 21 22 21 11 22 11 11 11 11 12 11 11 11 12 22 21 11 11 11 22 11 11 11 12 11 11 11 11 11 12 22 11 11 11 11 21 11 11 21 22 11 22 12 11 22 21 
07 12 11 22 22 11 12 11 12 21 22 22 21 22 11 11 22 11 21 11 11 12 12 21 11 22 12 12 22 22 21 22 11 12 21 12 22 11 22 22 21 22 12 11 21 22 22 11 21 22 21 22 12 21 11 11 22 11 11 21 11 11 11 11 11 11 11 21 12 11 22 11 11 21 22 11 11 22 21 12 22 12 12 22 12 22 11 11 12 11 21 11 11 11 22 11 11 11 11 22 12 
07 21 11 22 11 11 21 21 21 11 22 22 22 21 11 11 22 11 22 11 11 11 11 22 21 12 11 12 22 22 12 22 11 11 21 22 22 12 11 22 22 22 12 22 21 22 11 11 21 21 22 22 22 22 11 21 22 22 11 12 11 11 11 11 21 11 11 21 12 21 22 11 11 12 22 11 11 21 11 22 22 11 12 22 12 12 11 11 22 11 11 11 11 12 22 11 11 21 12 22 22 
08 11 12 22 22 11 21 12 21 22 22 22 11 22 21 11 22 22 22 11 11 12 22 22 12 11 11 22 22 22 21 22 11 11 22 21 11 22 11 12 12 22 22 22 22 22 12 11 11 22 21 22 22 12 12 11 22 22 12 22 11 11 11 11 11 11 11 12 21 12 21 11 12 11 22 11 11 22 11 21 12 22 11 21 21 22 11 11 21 11 12 11 11 12 22 11 11 11 11 22 22 
08 22 11 22 22 11 22 12 22 22 22 22 12 21 11 21 22 21 21 11 11 11 12 22 22 22 21 12 22 22 11 22 21 21 21 22 21 12 12 12 11 22 21 22 11 22 11 11 12 22 11 22 22 11 12 11 22 22 21 21 11 12 11 11 21 11 21 11 21 11 22 11 11 22 22 11 12 21 22 22 11 21 11 22 21 22 11 11 12 11 11 11 11 22 22 11 21 21 11 22 12 
08 22 11 22 22 11 22 21 22 21 22 22 11 12 12 11 22 11 22 11 11 11 11 11 21 12 21 12 22 22 12 22 11 12 22 22 12 11 21 11 22 22 12 22 12 22 21 11 12 21 22 22 22 11 21 11 22 12 11 12 11 11 11 11 11 11 12 11 12 12 12 11 21 21 22 11 11 22 12 12 22 21 21 22 21 22 11 11 12 11 11 11 11 12 22 11 21 22 11 22 21 
08 11 11 22 22 11 21 11 21 21 22 22 11 22 11 11 21 11 21 11 11 12 11 22 12 11 11 22 22 22 11 22 11 12 22 22 11 22 21 12 11 11 21 22 12 22 22 11 21 12 11 22 11 21 21 21 22 21 12 22 11 11 11 11 11 11 21 21 11 22 21 11 12 21 22 11 11 22 21 11 12 21 11 11 22 22 11 11 21 11 11 11 12 22 22 11 22 21 22 22 12 
08 12 11 22 12 11 12 22 12 22 22 22 12 11 11 11 22 11 22 11 11 22 11 22 22 11 11 22 22 22 12 22 11 21 22 22 11 21 11 22 12 21 22 22 11 22 12 11 11 22 12 22 22 22 21 11 22 22 22 21 11 11 11 11 11 11 21 11 22 11 22 11 11 21 22 11 11 22 11 11 22 11 21 11 12 12 11 11 12 11 12 11 11 12 22 11 12 21 21 21 12 
08 12 11 22 22 11 21 21 12 12 22 22 11 11 11 11 22 11 12 11 11 21 22 22 12 21 11 21 22 22 12 22 11 22 12 22 12 11 11 11 12 21 22 22 11 22 12 11 12 22 21 22 12 21 11 11 22 21 11 12 11 21 21 11 11 11 11 21 21 11 22 11 11 21 22 11 11 21 21 21 21 22 11 22 12 22 11 11 11 11 11 11 11 21 22 21 21 11 11 22 11 
08 22 21 22 21 11 22 21 22 22 22 22 11 12 21 12 22 11 22 11 11 12 11 22 12 21 11 21 22 22 11 22 21 11 21 22 11 21 12 12 11 12 12 22 12 12 11 11 22 22 11 22 22 21 11 11 22 21 11 22 11 11 11 11 12 11 11 11 11 22 22 12 21 11 22 11 11 22 11 22 22 22 12 12 11 22 11 11 21 11 11 11 11 11 22 11 22 22 21 12 22 
08 21 11 22 22 11 22 22 11 22 22 22 12 21 11 12 22 11 22 12 11 21 21 22 21 11 11 21 22 22 11 22 11 11 11 22 11 12 11 11 21 22 22 22 11 12 12 11 11 21 12 22 11 12 11 22 22 12 11 22 11 11 11 11 11 11 11 11 11 12 22 11 11 11 22 11 11 22 21 12 21 21 11 21 11 21 11 11 22 11 12 11 11 22 22 11 22 22 11 21 22 
08 12 11 22 22 11 22 22 21 12 22 22 12 22 12 11 22 12 22 11 11 22 11 22 12 11 21 12 22 22 11 22 11 12 22 22 11 11 21 11 11 22 22 22 22 22 11 11 11 12 22 22 22 11 12 11 22 11 11 22 11 11 11 11 11 11 11 21 21 22 22 11 12 12 22 11 11 22 22 21 12 11 21 22 11 12 11 11 11 11 11 11 11 22 22 11 11 21 11 22 22 
08 21 11 22 22 11 22 12 21 22 22 22 11 11 11 11 22 12 22 11 11 12 11 21 12 11 11 22 22 22 12 22 11 12 11 22 11 12 12 22 11 22 21 22 11 22 12 11 12 12 11 22 11 11 11 11 22 22 12 11 11 11 11 11 11 11 21 21 12 22 11 11 22 21 22 11 11 21 12 11 11 12 21 12 22 22 11 11 22 11 11 11 11 12 22 11 12 22 11 12 21 
09 21 21 22 22 11 22 21 12 21 22 22 11 11 11 11 22 11 22 11 11 11 21 22 21 22 11 12 22 22 11 22 11 11 21 22 21 22 11 22 12 22 21 22 22 22 21 11 22 22 11 22 11 11 21 11 22 12 11 22 11 11 12 11 11 11 11 12 21 12 22 11 12 22 22 11 22 22 12 12 11 22 11 22 21 22 11 21 21 11 11 11 11 22 22 12 11 11 12 22 21 
09 22 11 22 21 11 22 22 12 22 22 22 21 22 11 11 21 12 22 21 11 21 22 22 12 11 11 22 21 22 12 22 11 12 22 22 11 21 12 12 12 22 12 22 21 12 11 11 11 22 11 22 22 22 21 11 22 12 22 12 11 11 12 12 11 11 11 11 11 22 12 11 11 12 22 11 11 22 12 11 11 11 11 12 22 22 11 11 22 11 22 11 11 22 12 11 21 11 11 12 12 
09 12 11 22 22 11 21 12 22 11 22 22 21 22 11 12 11 11 22 11 11 11 22 22 22 21 11 22 22 22 12 22 21 12 21 21 21 22 21 21 11 22 12 22 11 11 12 11 12 22 22 22 11 21 11 11 22 12 11 11 11 21 12 11 11 11 11 11 21 11 22 11 21 12 22 11 11 12 11 11 21 11 11 22 21 22 11 11 21 11 12 11 11 12 22 11 11 11 11 22 11 
09 22 11 22 22 11 22 22 12 22 22 22 11 22 11 11 21 12 22 12 11 21 22 12 22 12 11 11 22 22 11 22 11 11 22 22 21 22 11 22 22 12 12 22 21 22 11 11 11 22 11 12 22 11 22 11 22 22 11 11 11 11 11 11 11 11 11 11 11 21 22 11 12 11 22 11 22 22 11 21 21 21 11 22 12 22 11 11 22 11 12 11 11 11 22 12 21 21 11 12 22 
09 12 11 22 22 11 21 12 22 22 22 22 11 22 11 11 22 11 22 12 11 11 12 21 12 12 11 22 12 22 11 22 21 12 22 22 11 12 21 22 12 22 11 22 11 22 11 11 12 22 11 22 12 11 21 21 22 22 12 21 11 11 11 11 11 11 12 21 21 22 12 11 22 21 22 11 22 22 22 21 21 22 11 22 22 22 11 11 22 11 11 11 11 22 22 11 21 12 11 22 11 
09 22 11 22 22 11 22 22 22 21 22 22 11 22 11 11 11 11 22 11 11 21 22 22 12 11 11 22 22 22 11 22 11 11 12 22 11 21 11 21 11 22 21 22 22 21 11 11 11 22 21 22 12 12 11 11 22 21 22 12 11 11 11 11 12 11 21 11 21 22 22 11 22 11 22 11 12 22 11 11 21 12 11 22 21 22 11 11 22 11 11 11 11 22 22 11 22 12 11 22 22 
09 12 11 22 22 11 21 22 22 22 22 22 11 22 11 22 22 21 21 11 11 11 22 22 12 22 22 22 22 22 11 22 11 21 22 21 11 22 21 22 21 22 12 22 21 21 11 11 12 22 11 22 11 12 11 11 22 12 21 21 11 11 12 11 21 11 11 11 11 22 22 11 21 11 22 11 21 22 22 11 12 21 11 22 21 22 11 11 22 11 12 11 11 22 22 11 12 12 22 21 11 
09 22 11 22 22 11 22 22 11 22 22 22 11 21 12 11 22 11 22 12 11 21 11 21 11 11 11 22 22 22 11 22 21 21 21 22 22 22 22 22 22 12 11 22 12 22 11 11 12 22 21 22 21 11 22 12 22 12 12 11 11 11 22 11 11 11 11 11 11 22 22 11 22 12 22 11 11 22 21 21 12 12 21 22 21 22 11 11 22 11 11 11 11 22 22 11 12 11 11 22 21 
09 22 11 22 22 11 11 22 22 22 22 22 11 21 12 11 22 21 22 12 11 12 22 22 12 21 22 22 22 22 21 22 11 11 12 22 21 22 21 11 12 12 12 22 22 21 11 11 11 22 11 22 22 21 21 21 22 21 21 22 11 11 12 11 11 11 11 21 11 12 22 11 21 11 22 11 11 22 22 12 11 22 11 21 12 22 11 11 22 11 21 11 11 12 22 21 11 11 11 11 12 
09 11 21 22 12 11 22 12 22 21 22 22 12 21 11 11 22 22 22 12 11 21 12 22 12 21 12 12 22 22 12 22 12 22 11 22 21 21 21 22 11 22 11 21 11 22 11 11 11 22 11 21 21 22 21 11 22 22 21 22 11 11 11 11 12 11 11 21 11 22 22 11 12 12 22 11 11 22 22 11 11 22 11 22 12 22 11 11 22 11 11 11 11 22 22 12 11 12 21 11 22 
10 22 11 22 22 11 22 11 22 22 22 22 21 22 12 21 22 21 22 11 11 11 21 22 22 22 21 12 12 22 11 22 12 21 22 21 22 22 22 21 21 22 11 22 22 11 11 11 11 22 21 22 12 21 22 11 22 12 12 22 11 11 11 11 21 11 11 21 12 21 12 11 22 22 22 11 22 22 22 11 21 21 12 11 11 22 11 11 22 11 11 11 12 12 22 12 12 11 11 11 22 
10 22 21 22 22 11 11 12 22 22 22 22 12 12 11 21 22 11 22 21 11 11 12 22 22 12 11 22 22 22 21 22 11 21 21 22 22 22 21 22 22 22 11 22 12 11 11 11 11 22 21 22 11 22 12 11 22 21 11 22 11 12 22 11 11 11 11 11 21 21 11 21 12 22 22 11 22 22 21 11 22 12 12 12 11 22 11 11 22 11 21 11 21 22 22 21 21 12 22 11 21 
10 22 11 22 22 11 22 12 21 21 22 22 12 22 11 11 22 11 22 11 11 11 11 22 22 22 11 11 21 22 11 22 22 22 22 22 22 12 22 22 12 22 21 22 22 11 11 11 12 22 21 22 21 21 12 11 22 22 21 11 11 21 12 11 11 11 12 21 21 22 22 11 21 21 22 11 12 22 22 11 22 11 11 12 11 22 11 11 22 11 11 11 11 12 22 11 22 21 12 12 22 
10 21 21 22 22 11 22 11 22 22 22 21 12 22 22 11 22 21 22 22 11 11 12 22 22 12 11 12 22 22 11 22 12 21 22 21 21 22 22 22 22 22 12 21 11 12 11 11 21 12 12 22 22 22 12 11 22 22 12 11 11 22 11 11 11 12 11 11 22 21 11 12 21 12 22 11 21 21 12 12 12 12 12 21 11 22 11 11 22 11 21 11 22 22 22 22 12 21 22 22 22 
10 21 11 22 21 11 21 21 12 22 22 22 12 11 11 21 22 11 22 21 11 12 22 21 22 22 11 22 22 22 11 22 11 11 12 22 22 12 22 22 22 22 11 22 12 12 11 11 22 22 22 12 11 22 11 11 22 21 12 22 11 11 12 11 11 11 11 11 12 22 12 21 22 22 22 11 12 12 12 12 21 12 11 11 12 22 11 11 22 11 22 11 11 12 22 11 21 11 11 11 22 
10 21 21 22 22 11 22 11 22 22 22 22 11 22 11 21 22 11 22 21 11 11 22 21 12 22 21 11 21 22 12 22 11 21 22 22 22 22 21 22 11 22 11 22 11 11 11 11 11 22 21 22 12 12 12 11 22 12 21 22 11 21 22 11 11 11 11 11 12 21 22 11 22 12 22 11 11 22 22 21 22 11 11 22 21 22 11 11 22 11 11 11 11 22 22 12 22 22 21 21 22 
10 12 11 22 12 11 12 21 22 22 22 22 11 12 11 11 22 11 12 12 11 11 12 12 22 12 11 21 22 22 11 22 22 11 21 12 22 22 22 21 21 22 22 22 22 12 11 11 11 22 11 22 11 22 11 12 22 22 22 22 11 21 11 11 11 11 11 11 22 21 22 11 11 11 22 11 11 22 22 11 12 21 11 21 11 22 11 11 22 11 22 11 11 21 22 11 22 22 22 22 22 
10 22 21 22 22 11 22 11 22 22 22 22 21 22 11 11 22 21 22 21 11 12 11 22 22 21 11 22 22 22 12 22 11 12 21 22 22 21 11 22 21 22 11 12 22 11 11 11 11 12 21 22 12 22 22 11 22 21 11 22 11 22 11 11 11 11 22 12 22 21 22 11 11 21 22 11 22 22 22 22 12 12 11 11 21 22 11 11 21 11 22 11 12 12 22 12 22 11 22 22 22 
10 21 11 22 22 11 21 21 22 22 22 22 21 21 21 11 22 11 22 11 11 11 22 22 22 21 11 22 22 22 11 22 11 11 22 22 22 22 22 21 12 22 22 11 12 11 11 11 12 22 12 22 12 21 21 11 22 12 12 12 11 11 21 11 11 11 12 11 22 22 11 12 21 12 22 11 21 22 21 22 22 22 11 21 11 22 11 11 22 11 11 11 11 21 22 12 11 12 11 21 22 
10 12 12 22 22 11 22 22 22 21 22 22 21 21 12 11 22 11 22 21 11 12 12 21 21 11 21 22 22 22 12 22 21 11 22 21 21 22 21 22 21 22 11 22 22 22 11 11 11 22 21 22 22 21 11 11 22 12 11 21 11 11 11 11 22 11 11 21 21 22 11 11 11 12 22 11 21 22 12 21 21 11 11 22 11 22 11 11 22 11 22 11 11 11 22 12 11 11 11 12 22 
11 22 11 22 12 11 21 12 22 22 22 22 22 22 11 11 21 11 22 22 11 11 21 22 22 21 11 22 22 22 21 22 21 11 21 22 21 11 22 12 22 22 11 12 22 11 11 11 22 22 12 22 12 22 11 11 22 21 22 22 11 11 22 12 11 11 11 12 12 12 21 12 21 12 22 11 11 22 12 11 21 21 21 12 21 12 11 11 22 11 21 11 22 11 22 21 12 11 21 21 22 
11 22 12 22 22 11 11 22 22 22 22 22 12 12 11 11 22 12 22 11 11 21 22 22 21 22 21 12 11 22 12 22 21 11 22 22 22 12 21 22 22 22 11 22 22 22 11 11 12 12 21 22 21 21 21 12 22 22 12 22 11 11 22 21 11 11 21 11 11 11 21 11 21 12 22 11 11 22 22 21 12 11 11 21 11 11 11 21 12 11 12 11 11 22 22 12 12 11 12 21 21 
11 12 11 22 12 12 12 21 12 22 22 12 22 22 11 12 12 21 22 21 12 11 12 22 22 12 11 21 12 22 21 22 11 11 22 22 22 22 22 12 22 22 11 22 22 12 12 11 22 22 21 22 22 22 11 21 22 11 12 22 11 11 22 11 21 11 12 12 11 22 22 11 21 22 22 11 21 22 12 11 11 12 11 11 11 22 11 11 22 11 11 11 11 22 22 12 22 21 21 11 22 
11 22 11 22 22 11 21 22 12 22 22 22 12 12 21 12 12 12 22 11 11 11 11 22 22 21 11 11 11 22 12 22 21 12 12 22 12 21 22 22 22 22 11 22 22 22 21 11 12 21 21 22 12 12 12 21 22 22 21 12 11 11 12 12 11 11 11 21 11 12 21 11 21 22 22 11 11 21 12 11 11 12 11 11 11 22 11 12 22 11 12 11 11 22 22 12 21 12 22 12 12 
11 22 11 22 21 11 21 22 12 22 22 22 12 12 11 11 22 11 22 11 11 11 22 22 22 12 21 11 21 22 22 22 21 11 21 22 22 12 22 22 21 22 11 22 22 11 11 11 12 22 12 21 11 22 11 12 22 22 11 22 11 11 22 11 11 11 21 11 12 22 22 11 21 21 22 11 11 22 11 11 11 22 11 11 11 22 11 11 22 11 21 11 21 11 22 21 12 11 11 12 21 
11 22 11 22 12 11 12 22 11 22 22 12 21 22 11 11 21 11 22 11 11 11 22 22 11 12 11 11 11 22 11 22 11 12 22 21 22 11 22 22 12 22 11 11 22 11 11 11 12 22 11 22 22 22 11 11 22 22 11 22 11 11 21 22 12 11 11 11 11 22 11 11 11 22 22 11 12 22 21 11 12 12 11 12 21 22 11 11 12 11 21 11 11 22 22 22 22 11 21 21 21 
11 11 11 22 21 11 22 22 21 12 22 22 22 21 11 11 22 21 22 21 11 12 11 22 22 21 11 11 11 22 21 22 12 11 12 22 22 22 22 22 12 22 11 22 11 21 11 11 22 22 11 21 21 21 11 11 22 22 21 12 11 11 22 12 11 11 11 11 11 22 22 12 22 22 22 11 21 22 12 11 12 21 21 12 12 22 11 11 22 11 21 11 11 11 22 12 22 11 21 12 22 
11 22 11 22 21 11 22 22 12 22 22 22 12 11 11 11 22 11 22 11 11 11 12 22 11 22 11 12 21 22 11 22 12 22 11 22 22 21 12 12 22 22 11 12 11 11 12 11 11 21 22 11 21 21 12 11 22 22 11 22 11 22 21 12 11 12 12 22 11 12 12 11 12 12 22 11 11 22 22 11 11 12 11 11 21 22 11 11 22 11 12 11 11 22 22 12 12 11 22 11 12 
11 22 12 22 12 21 22 21 22 12 22 22 11 21 11 11 21 11 22 11 11 11 22 22 22 21 11 12 12 22 12 22 22 12 12 22 21 21 22 22 22 22 11 22 22 11 11 11 11 22 22 22 11 22 11 22 22 22 21 22 11 11 22 11 11 21 11 22 21 22 12 11 11 11 22 11 11 22 21 22 11 12 12 11 21 12 11 11 21 11 22 11 11 11 22 11 22 12 11 22 21 
11 12 11 22 22 11 22 12 12 12 22 12 22 12 11 21 22 11 22 11 11 11 12 22 22 22 21 12 12 22 21 22 11 12 11 22 21 22 22 22 12 22 21 12 22 12 21 11 11 22 22 22 12 22 11 11 22 11 12 12 11 11 12 21 21 11 12 11 11 12 21 11 11 12 22 11 12 22 12 21 12 21 11 11 12 22 11 11 22 11 12 11 21 22 22 11 11 22 11 12 22 
12 11 12 22 12 11 12 21 22 22 22 22 12 11 11 12 21 21 22 12 21 11 21 22 22 11 21 21 22 22 21 22 12 22 11 22 11 22 21 22 22 22 21 22 12 11 11 11 21 22 12 22 21 22 21 11 22 22 11 22 11 11 22 12 11 11 11 11 21 12 22 11 11 21 22 11 12 22 22 11 12 11 11 11 11 22 11 12 22 11 22 11 11 21 22 22 22 11 12 21 22 
12 22 11 22 21 11 12 11 21 22 22 22 21 11 12 11 12 21 22 21 12 11 12 22 12 21 22 12 21 22 22 22 21 22 11 22 21 22 22 22 22 22 12 11 11 11 12 11 12 22 22 21 12 22 12 11 22 22 21 22 11 12 22 11 11 11 11 11 11 21 21 11 12 12 22 11 11 22 12 11 21 21 11 11 21 22 11 11 22 11 12 11 11 22 22 12 22 12 21 11 21 
12 22 21 22 22 11 22 22 22 22 22 22 21 12 11 11 22 12 22 11 21 11 12 22 22 21 12 22 12 22 22 22 12 12 21 22 12 22 22 22 11 22 12 12 12 12 21 11 11 22 12 22 12 21 11 11 22 22 12 12 11 21 22 21 11 11 21 12 11 21 22 11 21 12 22 11 22 22 22 21 11 22 12 22 12 22 11 11 22 11 21 11 11 22 22 21 22 21 21 22 21 
12 22 11 22 21 11 21 21 12 12 22 22 22 21 22 11 22 12 22 22 11 11 12 21 22 11 12 22 12 22 22 22 22 22 11 22 22 22 22 22 11 22 11 11 12 11 11 11 21 22 21 21 12 12 12 22 22 21 21 12 11 11 12 12 11 11 11 21 22 21 22 11 21 12 22 11 11 22 22 12 21 12 12 21 11 22 11 11 22 11 22 11 11 21 22 12 22 12 21 22 22 
12 22 21 22 12 11 11 22 22 22 22 22 22 11 12 11 22 21 22 12 11 12 12 22 21 21 11 11 11 22 12 22 22 22 12 22 11 22 22 12 12 22 11 12 22 11 12 11 21 22 21 21 22 12 11 12 22 22 12 22 11 11 12 12 11 11 21 12 21 12 11 11 11 22 22 11 11 12 12 11 12 11 11 11 11 22 11 11 22 11 11 11 11 22 12 21 22 21 21 22 22 
12 22 11 22 22 11 11 11 22 12 22 21 22 12 22 21 22 11 22 21 11 11 12 22 22 12 12 11 12 22 11 22 21 21 11 22 22 22 12 21 21 22 11 22 22 11 11 11 11 22 22 21 11 21 11 11 22 22 22 22 11 11 21 22 11 11 11 11 11 12 21 11 11 11 22 11 21 22 22 11 22 11 12 11 11 12 11 11 22 11 12 11 12 22 22 21 22 11 21 22 21 
12 22 11 22 22 11 22 21 22 22 22 22 22 11 22 21 12 11 22 21 11 11 12 22 22 21 11 22 12 22 11 22 22 22 21 22 22 21 22 12 21 22 11 22 12 22 12 11 11 22 22 21 22 11 11 12 22 22 11 22 11 11 22 11 12 12 11 11 11 22 22 11 12 12 22 11 21 22 22 11 11 22 21 21 11 22 11 11 22 11 12 11 11 22 22 11 22 11 11 21 11 
12 22 11 22 22 11 21 12 22 21 22 22 11 12 11 12 11 11 22 21 11 11 22 22 22 22 21 12 22 22 21 22 21 12 22 22 21 22 22 12 11 22 11 21 21 22 12 11 21 22 21 22 21 11 11 11 22 21 12 22 11 11 12 21 11 11 21 11 11 21 21 11 22 22 22 11 12 12 22 11 22 11 11 11 12 22 11 11 11 11 22 11 11 21 22 11 22 22 11 22 22 
12 22 21 22 22 11 12 11 22 22 22 22 22 12 11 11 22 21 22 21 22 11 22 22 12 22 11 22 22 22 21 22 12 12 12 22 12 22 22 21 21 22 11 11 22 21 11 11 11 22 22 12 11 22 11 12 22 22 21 22 11 11 22 21 21 12 11 12 11 22 21 11 12 22 22 11 11 22 12 11 22 21 21 21 12 22 11 11 22 11 21 11 11 22 22 11 22 21 21 22 22 
12 22 21 22 22 11 22 12 22 22 22 22 11 21 22 11 22 21 22 21 11 11 21 22 22 12 21 12 12 22 11 22 12 11 11 12 22 22 22 22 12 22 11 21 12 22 11 11 21 22 12 21 22 11 11 11 22 22 11 22 11 11 22 11 21 11 21 11 11 12 12 11 11 12 22 11 11 12 22 11 21 11 11 21 11 22 11 11 22 11 12 11 11 21 22 12 22 11 11 21 22 
13 22 12 22 22 11 12 22 22 22 22 22 22 21 11 21 21 21 22 22 11 11 11 22 22 22 21 11 22 22 22 22 22 22 11 21 22 21 12 22 12 22 12 11 21 12 11 11 21 22 21 22 21 22 11 11 22 22 22 21 11 11 12 12 11 21 22 21 21 12 22 11 11 22 22 11 21 22 22 11 12 11 11 11 11 21 21 11 22 11 11 11 11 22 21 22 22 11 21 22 11 
13 22 21 22 22 11 22 21 12 11 22 22 22 12 11 11 22 11 22 12 11 11 21 21 22 22 12 22 12 22 21 22 12 21 21 12 12 12 21 12 22 22 11 22 11 12 11 11 21 22 22 22 12 11 21 11 22 22 21 22 11 21 22 11 12 11 12 11 22 22 22 22 22 22 21 11 12 22 12 11 22 21 11 11 11 21 11 11 22 11 22 11 11 12 22 12 22 11 22 12 11 
13 22 11 22 22 11 12 12 22 22 22 22 22 12 11 11 22 11 22 11 11 11 12 22 21 22 21 12 12 22 11 22 11 22 11 22 22 12 21 22 22 22 11 21 22 11 12 11 21 22 22 12 21 12 12 11 22 21 12 22 11 11 22 11 12 21 11 22 11 12 11 11 11 21 22 11 12 22 12 11 21 11 11 11 11 22 11 11 22 11 21 11 11 22 22 22 22 11 21 22 21 
13 22 21 22 22 11 22 21 22 12 22 22 22 12 11 12 12 11 22 12 11 11 21 22 12 21 11 21 12 22 22 22 22 22 11 22 22 11 22 22 21 22 11 11 11 11 11 11 11 22 11 22 12 11 21 21 22 12 21 22 11 21 21 21 21 11 11 22 11 12 22 11 12 22 22 11 11 22 11 11 12 12 11 11 11 22 11 11 22 11 21 11 11 21 22 12 22 11 11 22 21 
13 22 11 22 22 11 12 11 22 22 22 22 21 12 11 11 22 11 22 21 11 11 12 22 22 21 11 11 22 22 12 22 21 22 22 21 12 22 22 22 12 22 11 21 21 11 11 11 21 22 21 22 11 11 11 12 22 22 21 22 11 12 11 22 22 22 11 11 21 22 22 11 11 12 22 11 12 22 11 11 21 12 11 11 11 22 11 11 22 11 11 11 11 22 22 12 22 21 11 12 21 
13 22 21 22 22 11 12 22 22 22 22 12 22 22 11 11 22 11 22 11 11 12 11 22 22 22 12 12 21 22 21 22 12 21 22 22 22 22 22 22 11 22 21 21 11 22 12 11 21 22 11 22 22 12 21 11 21 22 22 21 11 11 21 12 22 21 11 11 11 21 22 11 12 22 22 11 12 22 22 11 12 12 11 12 11 21 11 21 22 11 21 11 11 22 22 22 21 11 11 11 12 
13 22 21 22 22 22 21 11 22 22 22 22 22 12 11 21 22 11 22 12 11 11 21 22 22 21 21 11 11 22 12 22 22 22 11 22 22 22 21 22 11 22 11 11 12 11 11 11 12 22 21 12 11 12 21 12 22 22 22 22 11 21 12 12 12 11 11 12 21 21 22 11 11 12 22 11 12 22 22 11 12 22 11 12 11 12 11 11 22 11 22 11 11 22 22 22 22 12 12 12 12 
13 22 11 22 22 11 21 11 22 22 22 22 22 12 11 11 22 11 22 11 12 11 11 22 22 21 12 11 11 22 22 22 22 22 21 12 22 22 22 21 11 22 12 11 12 21 11 11 22 22 11 22 21 11 11 11 22 21 11 22 11 11 22 22 12 11 11 11 12 12 21 11 22 21 22 11 12 22 21 11 12 22 11 22 11 22 21 11 22 11 22 11 11 22 21 22 22 21 11 11 21 
13 22 11 22 22 21 12 22 22 12 22 22 11 22 11 12 22 11 22 11 11 11 22 22 22 11 12 11 12 22 21 22 12 22 12 22 22 22 21 22 11 22 11 11 22 11 11 11 11 22 11 22 11 11 12 12 22 22 12 21 11 11 12 21 11 12 11 21 12 22 11 11 11 22 22 11 11 22 21 11 22 11 11 22 11 22 11 11 22 11 12 11 11 12 22 12 22 11 22 12 22 
13 22 12 22 22 11 11 21 22 22 22 22 22 22 11 12 22 11 22 12 11 11 11 22 22 22 11 12 12 22 21 22 21 22 11 12 21 22 22 11 11 22 21 11 12 12 11 11 11 22 22 22 22 11 11 11 22 12 11 22 11 21 12 11 22 12 11 11 11 21 22 11 12 21 22 11 12 22 11 11 12 21 11 21 12 22 12 11 22 11 11 11 11 22 22 12 22 11 21 21 12 
14 22 22 22 12 11 12 11 12 12 22 22 22 21 11 21 22 11 22 22 12 11 12 22 22 12 21 22 22 22 22 22 12 22 22 21 22 22 22 22 11 22 21 12 21 12 21 11 12 22 11 11 12 12 12 11 21 22 11 22 11 22 22 21 21 12 11 22 11 22 22 11 12 21 22 11 11 22 21 11 21 12 11 22 11 22 11 11 22 11 22 11 11 21 21 11 22 11 11 11 11 
14 22 11 22 22 11 12 11 21 22 22 22 22 22 11 21 22 11 22 21 11 11 11 12 22 22 12 12 21 22 22 22 11 12 11 22 22 22 12 21 21 22 11 21 22 12 11 11 21 22 11 22 11 22 12 11 12 21 11 22 11 21 12 11 22 22 11 22 12 22 21 11 11 21 12 11 11 22 12 11 11 11 12 11 11 22 11 11 12 11 22 11 11 22 22 21 22 11 12 11 12 
14 22 12 22 22 11 12 11 22 22 22 22 12 11 12 12 22 11 22 21 11 12 12 22 22 12 21 22 21 22 22 22 22 22 22 21 11 22 22 22 21 22 11 22 12 21 11 11 12 22 11 21 11 11 11 11 22 12 12 22 11 22 22 21 21 21 11 11 22 22 22 12 12 22 12 11 21 22 11 11 11 11 11 22 11 12 11 11 22 11 12 11 11 12 22 11 22 21 11 21 11 
14 22 21 22 12 12 11 11 22 22 22 22 12 12 11 12 21 11 22 22 12 11 12 22 22 22 12 11 11 22 22 22 12 22 22 11 12 22 22 21 12 22 22 22 21 22 11 11 12 22 12 21 11 22 12 11 12 22 21 22 11 21 22 11 11 21 11 22 21 12 21 11 22 22 22 11 11 22 12 21 12 11 11 11 11 22 11 11 22 11 21 11 11 11 21 22 22 11 12 22 12 
14 21 11 22 22 11 12 11 22 22 12 22 12 21 11 22 22 21 22 22 11 11 11 22 22 22 22 22 22 22 22 22 22 12 11 22 12 21 21 21 11 22 11 11 22 11 11 11 12 22 11 22 21 22 12 11 12 22 21 22 11 11 12 22 11 11 11 11 22 12 22 11 11 12 22 11 11 22 22 11 12 11 11 12 11 22 11 11 22 11 12 11 11 22 12 21 22 11 11 11 22 
14 22 11 22 22 11 22 11 22 21 22 22 22 22 21 21 22 12 22 21 11 11 11 22 12 22 11 12 21 22 21 22 22 12 22 21 22 12 11 11 12 22 11 11 11 21 11 11 11 22 11 22 12 11 22 21 22 22 12 22 11 22 21 21 12 11 11 21 21 21 22 11 11 22 22 11 11 22 21 21 11 11 11 22 11 22 11 11 12 11 22 11 11 22 22 12 22 11 12 11 21 
14 22 22 22 22 11 22 11 21 22 22 22 12 21 12 21 22 12 22 22 11 11 22 22 22 22 21 22 11 22 12 22 11 22 21 22 21 11 22 22 21 22 11 21 12 22 11 11 12 22 22 22 11 12 11 11 22 22 12 22 11 22 21 21 21 21 11 12 22 22 22 11 21 12 22 11 21 22 22 11 21 11 11 22 11 12 11 11 22 11 22 11 11 21 22 11 22 21 11 22 11 
14 22 11 22 22 11 22 21 22 22 22 22 21 12 21 22 21 11 22 12 11 11 11 22 22 12 12 21 21 22 21 22 21 12 21 22 22 22 22 21 11 22 11 21 11 21 11 11 11 22 12 22 11 12 12 11 22 22 21 22 11 11 22 12 22 11 21 22 11 22 22 11 12 22 22 11 11 22 11 11 21 12 11 12 11 21 11 11 22 11 11 11 11 22 22 12 22 11 11 11 21 
14 22 11 22 22 11 21 11 22 22 22 22 22 11 12 22 21 12 22 22 12 21 22 21 22 22 12 12 22 22 12 22 11 22 11 21 22 12 22 22 22 22 11 21 11 12 11 11 21 22 21 22 21 22 21 11 22 22 22 22 11 11 11 11 12 21 11 22 11 22 22 21 22 22 22 11 21 22 21 11 21 11 12 11 11 22 11 11 22 11 12 11 11 21 22 22 22 11 12 11 12 
14 22 11 22 22 11 22 11 12 12 22 22 21 11 21 11 22 11 22 12 11 21 11 22 21 22 11 22 12 22 22 22 11 22 21 21 21 12 22 22 11 22 21 11 12 21 11 11 11 22 12 22 11 22 12 11 22 22 11 22 11 11 21 11 11 22 11 21 21 22 21 22 21 22 22 11 11 22 21 11 12 12 11 21 11 12 11 11 22 11 21 11 11 21 22 22 22 11 11 21 12 
15 22 22 22 11 11 22 12 22 22 22 22 22 12 11 22 22 11 22 12 11 11 11 22 22 22 11 22 22 22 22 22 11 21 11 21 22 22 12 12 12 22 11 22 12 12 11 11 22 22 21 22 11 22 11 11 22 22 22 22 11 12 21 12 22 12 11 12 22 22 22 11 11 22 22 11 11 22 21 11 22 11 11 21 11 22 11 11 22 11 22 11 11 22 22 22 22 11 12 11 11 
15 12 22 22 22 11 21 12 22 22 22 22 22 22 12 11 22 11 22 11 11 11 22 22 11 12 11 22 22 22 22 22 12 21 11 22 22 22 22 22 21 22 21 11 11 12 12 11 21 22 21 21 21 12 11 11 12 22 22 22 11 21 21 11 12 11 11 22 11 11 22 11 12 12 22 11 12 22 22 11 11 21 11 21 11 22 11 21 22 11 22 11 11 22 21 22 22 11 11 11 22 
15 22 12 22 22 11 22 11 11 12 22 22 22 22 22 11 22 21 22 11 12 11 11 22 22 11 22 22 22 22 12 22 22 11 22 21 21 22 11 21 22 22 11 21 11 21 21 11 21 22 11 21 11 11 11 11 12 22 22 22 11 22 22 22 22 12 11 21 12 22 22 11 22 22 22 11 11 22 11 11 12 11 11 11 21 22 11 11 22 11 11 11 11 22 22 22 22 11 21 11 21 
15 22 11 22 22 21 22 11 12 22 12 22 22 21 22 11 22 21 22 12 11 11 11 22 11 12 12 12 21 22 12 22 12 22 11 12 22 11 11 12 12 22 11 21 11 22 12 11 12 22 21 21 21 22 11 11 22 22 11 22 11 21 22 12 21 22 11 11 22 22 22 12 21 21 22 11 11 22 22 11 21 12 11 22 11 22 21 11 22 11 22 11 11 22 22 21 22 11 22 12 12 
15 22 22 22 22 11 22 21 21 12 12 22 22 22 22 21 22 11 22 22 11 21 11 22 22 22 12 22 12 22 22 22 22 22 12 12 22 21 22 11 21 22 22 12 12 12 12 11 22 22 12 22 11 22 21 11 21 22 21 22 11 21 22 11 21 12 11 21 12 22 22 11 12 22 22 11 11 22 12 11 21 12 11 12 11 22 11 11 22 11 21 11 11 12 22 22 22 11 11 11 22 
15 22 11 22 22 11 12 11 21 22 12 22 22 12 21 12 22 11 22 11 11 12 11 21 22 22 12 21 12 22 22 22 22 21 12 22 12 22 22 11 21 22 11 22 12 11 11 11 21 22 11 12 11 22 11 11 22 22 11 22 11 22 21 12 21 22 11 22 11 22 22 11 12 11 22 11 11 22 12 11 22 11 11 22 11 22 12 11 22 11 22 11 11 22 22 22 22 11 12 12 22 
15 22 12 22 12 21 22 12 22 12 22 22 22 21 21 22 22 21 22 11 11 11 21 22 22 12 11 11 22 22 22 22 22 22 21 11 21 21 22 21 21 22 11 21 21 22 11 11 22 22 21 21 12 11 22 11 22 21 11 22 11 21 12 11 21 21 11 22 22 22 22 11 12 21 22 11 12 22 21 11 11 11 12 11 12 22 11 11 22 11 21 11 11 22 22 22 22 11 11 22 12 
15 22 22 22 22 11 11 21 21 22 12 22 22 22 22 21 22 11 22 12 11 11 12 21 11 12 12 22 22 22 22 22 22 22 12 21 22 11 22 22 12 22 12 21 11 22 12 11 12 22 11 21 11 12 21 11 12 22 21 22 11 11 22 22 12 22 11 22 12 22 22 21 21 21 22 11 11 22 11 11 11 11 11 21 11 21 11 11 22 11 11 11 11 22 12 22 22 11 22 12 12 
15 22 22 22 12 21 21 12 12 21 22 22 22 12 12 21 22 11 22 11 11 11 12 12 22 21 11 12 22 22 22 22 11 22 21 22 12 12 21 22 22 22 21 22 11 22 22 11 22 22 22 22 11 22 11 11 22 22 11 22 11 22 22 11 22 21 11 22 22 21 22 12 12 11 22 11 21 22 12 11 21 11 11 22 21 22 11 11 22 11 12 11 11 21 22 12 22 11 11 11 21 
15 22 12 22 21 11 12 11 22 22 22 22 22 21 12 11 11 12 22 22 11 11 11 21 12 22 11 12 12 22 21 22 11 21 11 22 21 21 22 21 21 22 12 21 11 12 12 11 12 22 11 12 11 12 11 11 22 12 12 22 11 21 22 12 22 12 11 12 11 22 21 11 11 12 22 11 22 22 21 11 21 22 11 21 11 22 11 11 22 11 21 11 11 12 22 22 22 11 21 12 21 
16 21 22 22 22 11 21 11 22 22 22 22 22 21 22 11 22 11 22 21 11 12 12 22 22 22 12 21 22 22 22 22 22 22 21 11 21 22 22 22 22 22 11 21 21 22 11 11 22 22 21 12 21 22 12 21 21 22 21 22 11 21 11 12 22 12 11 21 21 22 22 11 12 21 22 11 11 22 21 11 21 11 11 21 11 22 11 11 22 11 11 11 11 22 22 22 22 11 11 11 12 
16 22 12 22 11 11 22 11 21 22 22 22 22 22 22 21 22 11 22 12 21 22 11 22 22 22 11 11 22 22 22 22 21 22 21 11 22 11 22 12 22 22 11 12 22 22 22 11 22 22 11 21 11 12 22 11 22 22 21 22 11 22 12 11 12 21 11 12 22 22 12 11 12 22 22 11 11 22 22 11 12 21 11 11 11 22 11 11 22 11 11 11 11 22 22 21 22 11 21 21 12 
16 22 12 22 21 21 22 11 22 21 21 22 22 11 12 12 22 21 22 11 12 11 22 22 22 22 21 11 22 22 22 22 11 22 21 11 22 22 22 12 12 22 11 22 12 22 11 11 12 22 11 22 11 11 12 11 22 22 11 22 11 12 22 11 22 12 11 22 22 22 22 11 22 21 22 11 21 22 12 11 11 22 11 22 11 22 11 11 22 11 21 11 11 22 22 21 22 11 22 21 11 
16 22 22 22 22 11 12 11 22 22 22 22 22 22 11 11 22 11 22 21 11 11 12 22 22 22 21 12 21 22 22 22 21 22 21 11 22 22 22 12 22 22 21 21 11 12 12 11 22 22 12 22 21 22 22 11 22 22 21 22 11 21 11 11 21 12 11 21 11 22 12 11 21 12 22 11 11 22 12 11 11 22 11 12 11 21 11 21 22 11 21 11 11 22 22 22 22 11 12 11 21 
16 22 11 22 22 11 21 11 22 22 21 22 22 22 12 12 22 21 22 11 22 11 12 22 22 22 11 21 22 22 22 22 12 22 12 11 21 22 22 22 22 22 11 22 12 21 11 11 21 22 11 22 11 22 21 11 22 22 21 22 11 22 12 11 22 12 11 22 21 21 22 11 22 12 22 11 11 22 12 11 12 21 11 12 11 22 11 11 22 11 22 11 11 22 22 22 22 11 21 12 22 
16 22 22 22 22 11 22 11 22 22 21 22 22 12 22 11 22 12 22 12 11 21 21 22 12 22 11 12 21 22 22 22 21 22 11 11 12 22 22 21 12 22 12 21 22 21 21 11 22 22 12 22 11 11 22 11 21 22 22 21 11 22 22 21 22 11 11 21 21 22 22 11 21 12 22 11 11 22 12 11 21 12 11 12 11 12 11 11 22 11 12 11 11 22 22 12 22 11 11 11 11 
16 22 22 22 11 11 22 11 22 22 12 22 22 21 12 11 22 22 22 21 21 22 11 22 22 22 11 21 12 22 22 22 22 22 11 11 22 22 12 21 21 22 22 21 12 22 11 11 22 22 22 22 21 11 12 11 22 22 21 22 11 21 12 11 22 11 11 11 11 22 22 11 11 22 22 11 21 22 12 11 22 22 21 11 11 22 21 11 22 11 11 11 11 22 22 22 22 11 11 11 22 
16 22 22 22 22 11 21 11 22 12 22 22 22 12 21 12 22 12 22 22 11 11 21 21 22 22 11 22 22 22 22 22 11 22 12 11 21 21 22 21 12 22 11 22 21 12 11 11 22 22 21 12 11 12 12 11 22 22 12 22 11 11 22 11 22 22 11 22 11 22 22 11 22 22 22 11 11 22 12 11 22 11 11 22 11 21 11 11 22 11 12 11 11 22 22 22 22 11 11 11 12 
16 21 12 22 22 11 21 11 22 22 22 22 22 22 12 11 22 11 22 21 22 12 22 22 22 22 11 11 12 22 22 22 11 22 21 11 21 22 22 22 21 22 22 22 11 22 21 11 22 22 22 22 11 22 22 12 22 12 12 22 11 22 11 21 21 11 11 22 12 22 22 11 22 22 22 11 11 22 22 11 21 11 11 12 11 22 11 11 22 11 12 11 12 22 22 21 22 11 11 21 12 
16 22 12 22 22 22 21 11 22 22 12 22 12 22 21 21 22 12 22 22 11 12 11 22 22 22 12 22 11 22 22 22 21 12 21 21 22 21 12 22 22 22 12 12 21 22 12 11 12 22 22 22 11 11 22 11 22 22 12 22 11 22 12 11 22 22 11 21 21 22 21 11 11 21 22 11 11 22 11 11 21 12 11 21 11 22 11 11 22 11 11 11 11 22 21 12 22 11 21 12 12 
17 12 12 22 22 11 22 11 22 11 21 22 22 21 21 11 21 22 22 21 11 21 21 22 21 22 22 22 22 22 22 22 12 22 12 22 21 22 21 22 22 22 12 21 22 22 12 11 21 22 21 22 11 22 22 11 22 22 12 22 11 22 21 11 22 22 11 22 21 22 22 11 12 12 22 11 21 22 12 11 11 12 11 22 11 12 12 11 22 11 21 11 21 22 11 22 22 11 11 11 11 
17 12 22 22 22 11 11 11 21 22 22 22 22 22 12 12 22 22 22 21 21 11 12 22 22 22 11 21 22 22 22 22 21 21 12 11 12 12 22 22 22 22 21 12 11 21 21 11 22 22 12 22 11 22 11 11 22 12 11 22 11 21 21 12 22 22 11 22 21 22 12 11 12 22 22 11 11 22 12 11 21 21 11 12 11 22 21 12 22 11 12 11 11 22 22 12 21 11 11 11 11 
17 22 22 22 22 11 21 11 22 22 22 22 22 21 11 21 21 21 22 22 21 12 11 22 22 22 22 22 22 22 22 22 22 12 12 12 21 22 22 12 22 22 11 21 22 22 21 11 22 22 11 22 11 21 22 11 22 21 11 22 11 22 11 21 22 22 11 22 12 22 22 11 21 22 22 11 21 22 12 11 12 11 11 22 11 11 21 11 22 11 22 11 11 22 22 22 22 11 11 11 12 
17 12 21 22 12 11 22 11 22 22 22 22 22 12 22 11 22 21 22 12 12 11 11 22 22 22 11 11 22 22 22 22 22 22 12 21 22 22 22 22 21 22 21 11 22 21 11 11 22 22 11 22 11 12 21 12 22 11 11 22 11 22 21 12 22 22 11 22 21 22 22 11 22 22 22 11 11 22 11 11 21 11 11 22 11 22 12 11 22 11 12 11 11 22 22 22 22 11 11 11 11 
17 21 21 22 22 11 22 11 22 22 22 22 22 22 21 22 21 11 22 21 11 11 21 22 12 22 22 22 22 22 22 22 22 22 11 11 21 22 21 21 22 22 21 12 21 22 12 11 12 22 21 22 21 11 22 21 22 11 11 22 11 22 22 22 22 22 11 22 22 22 22 11 12 22 22 11 21 22 22 21 12 12 11 21 11 22 21 11 22 11 21 11 11 22 12 22 12 11 11 11 11 
17 22 21 22 21 11 11 11 22 22 22 22 22 21 11 11 12 22 22 22 11 21 12 12 22 22 12 22 22 22 22 22 22 22 21 22 12 22 22 22 12 22 12 12 12 22 11 11 22 22 12 22 11 22 22 11 22 12 22 22 11 22 11 12 21 21 11 22 22 22 21 11 11 21 22 11 21 22 12 11 11 12 11 22 11 12 21 11 22 11 11 11 11 22 22 22 22 11 11 11 12 
17 22 22 22 22 11 21 11 22 21 22 22 22 11 12 12 12 21 22 12 11 11 21 22 21 22 22 12 22 22 22 22 22 21 22 21 22 21 22 22 22 22 21 12 22 21 22 11 12 22 11 22 11 12 11 11 22 12 21 22 11 22 11 11 22 21 11 22 21 22 22 11 21 21 22 11 11 22 21 11 11 21 11 22 11 22 11 11 22 11 12 11 11 22 12 22 22 11 11 21 11 
17 22 22 22 12 11 11 11 22 22 22 22 22 12 11 22 22 12 22 22 21 22 12 22 22 22 21 22 22 22 22 22 22 22 21 11 22 21 22 22 22 22 12 21 22 21 12 11 22 22 21 22 22 22 22 11 22 12 22 22 11 22 21 11 22 22 11 22 11 22 22 11 22 22 22 11 22 22 22 11 12 12 11 22 11 12 11 11 22 11 21 11 11 22 22 22 22 11 11 21 11 
17 22 22 22 22 11 21 11 22 12 22 22 22 21 11 21 22 21 22 12 21 12 11 22 22 22 12 21 21 22 22 22 21 22 22 12 22 11 22 22 22 22 11 21 12 22 11 11 22 22 21 22 11 21 22 11 22 22 11 22 11 12 21 11 22 12 11 22 12 22 22 11 11 22 22 11 11 22 12 11 12 11 21 22 11 12 12 11 22 11 11 11 11 22 22 22 12 11 11 22 22 
17 22 22 22 22 11 11 11 22 22 22 22 22 21 11 21 22 21 22 21 12 22 11 22 22 22 11 22 22 22 22 22 22 22 11 12 22 22 22 21 22 22 11 22 22 22 11 11 22 22 11 21 11 11 22 21 22 22 22 22 11 22 11 11 22 12 11 22 11 22 22 11 21 22 22 11 12 22 11 11 21 11 11 22 11 11 11 11 22 11 11 11 11 22 22 22 21 11 11 21 11 
18 22 22 22 22 11 21 11 22 22 22 22 22 22 21 22 22 12 22 22 22 11 22 22 11 22 22 22 12 22 22 22 22 22 11 12 21 22 22 22 11 22 11 21 22 22 22 11 12 22 12 22 11 21 12 12 22 22 21 22 11 22 22 11 12 22 11 22 11 22 22 11 22 12 22 11 21 22 12 11 21 12 12 12 11 22 11 11 22 11 21 11 11 21 22 22 12 11 22 12 11 
18 22 21 22 22 12 22 11 22 22 22 22 22 22 11 12 11 22 22 12 11 11 11 22 12 22 22 22 22 22 22 22 21 21 11 12 22 22 22 12 21 22 21 22 11 22 22 11 12 22 11 22 11 11 11 11 22 12 11 22 11 22 21 11 22 22 11 22 21 22 22 11 22 22 22 11 12 22 22 11 22 12 11 22 11 22 21 21 22 11 21 11 11 22 21 21 22 11 11 11 11 
18 22 11 22 22 21 12 11 22 22 22 22 22 22 12 12 22 11 22 11 21 21 11 22 21 22 21 12 22 22 22 22 21 12 11 11 22 21 21 21 12 22 11 22 22 22 11 11 22 22 21 22 21 21 11 11 22 21 22 22 11 22 11 11 22 22 11 22 22 22 22 11 11 22 22 11 21 22 22 12 11 21 21 22 11 12 21 11 22 11 11 11 11 12 22 22 22 11 11 12 11 
18 22 11 22 22 11 21 11 22 21 22 22 22 21 11 21 22 21 22 11 12 11 12 22 12 22 22 22 22 22 22 22 12 22 11 12 12 12 22 21 22 22 12 21 21 21 11 11 22 22 21 22 21 12 12 11 22 21 12 22 11 12 11 11 21 12 11 22 11 22 22 11 22 12 22 11 12 22 22 11 21 11 11 21 12 22 22 11 22 11 12 11 11 22 22 22 22 11 11 11 11 
18 22 12 22 22 12 11 11 21 11 22 22 22 21 11 11 21 22 22 11 22 12 21 22 11 22 22 22 12 22 22 22 22 22 21 12 12 22 22 21 12 22 21 12 21 11 12 11 21 22 21 22 11 12 12 11 22 21 22 22 11 12 21 12 22 22 11 22 12 22 22 11 12 22 22 11 11 22 22 11 21 12 12 22 11 21 12 11 22 11 11 11 11 22 22 22 22 11 11 12 11 
18 22 21 22 22 21 12 11 22 22 22 22 22 22 12 11 22 11 22 11 12 11 11 22 21 22 22 12 22 22 22 22 12 21 21 12 21 22 22 11 12 22 11 22 22 21 12 11 22 22 11 22 11 21 12 11 22 21 22 22 11 21 11 11 21 12 11 22 11 22 22 11 22 22 22 11 22 22 21 12 11 11 11 22 11 22 11 11 22 11 21 11 11 22 22 12 22 11 21 11 11 
18 22 11 22 21 11 21 11 22 22 22 22 22 22 12 11 22 21 22 12 12 12 12 22 21 22 21 22 22 22 22 22 22 21 11 22 21 11 22 12 22 22 12 12 11 22 11 11 22 22 11 22 12 11 21 11 22 22 22 22 11 22 12 11 22 22 11 22 12 22 22 11 12 21 22 11 22 22 22 21 12 11 21 22 11 22 12 11 22 11 11 11 12 22 22 22 22 11 11 11 12 
18 22 11 22 12 11 22 11 22 22 22 22 22 12 11 12 21 11 22 21 21 11 11 22 22 22 22 22 22 22 22 22 22 12 11 11 22 12 21 21 21 22 21 22 22 22 11 11 22 22 21 22 11 12 11 11 22 12 22 22 11 12 11 11 22 22 11 22 22 22 22 11 12 12 22 11 21 22 22 11 21 11 12 22 12 22 12 11 22 11 11 11 11 22 22 22 22 11 11 12 11 
18 22 21 22 22 12 12 11 22 22 22 22 22 21 11 21 12 11 22 21 11 11 12 22 21 22 12 21 21 22 22 22 22 12 11 22 22 12 22 21 21 22 21 12 22 22 11 11 12 22 12 22 21 22 11 11 22 21 22 22 11 21 12 11 22 22 11 22 11 22 22 11 22 22 22 11 21 22 22 21 11 22 11 12 11 11 11 11 22 11 22 11 11 22 22 22 22 11 11 12 11 
18 22 12 22 22 11 11 11 22 22 22 22 22 21 11 21 21 11 22 22 12 11 22 22 21 22 22 22 22 22 22 22 12 22 11 12 22 11 22 12 12 22 22 11 12 12 11 11 21 22 11 22 11 12 11 11 22 11 22 22 11 22 11 11 22 22 11 22 11 22 22 11 22 22 22 11 22 22 22 11 21 12 11 22 11 22 11 12 22 11 11 11 11 22 22 22 22 11 11 12 11 
19 22 11 22 22 11 12 22 22 12 22 22 22 22 22 22 22 21 22 12 22 11 22 22 11 22 12 11 11 22 22 22 22 21 12 12 22 22 22 21 21 22 21 12 11 11 12 11 22 22 12 22 21 12 12 11 22 12 22 22 11 22 12 21 22 22 11 22 12 22 22 11 22 22 22 11 11 22 22 21 11 22 11 22 11 12 22 21 22 11 12 11 11 22 22 22 22 11 11 11 11 
19 22 11 22 22 11 22 12 22 22 22 22 22 12 11 11 22 12 22 12 22 21 12 22 11 22 22 22 22 22 22 22 12 22 22 21 21 21 22 22 22 22 12 11 22 21 22 11 22 22 11 22 21 12 21 12 22 11 22 22 11 21 21 21 22 22 11 22 12 22 22 11 22 22 22 11 11 22 12 11 21 11 11 22 11 12 12 21 22 11 11 11 11 22 22 22 22 11 11 11 11 
19 22 11 22 21 11 22 11 22 22 22 22 22 22 21 11 12 22 22 11 12 21 11 22 22 22 21 22 21 22 22 22 22 22 12 22 22 22 22 22 21 22 21 12 21 11 12 11 21 22 11 22 12 12 11 11 22 11 21 22 11 22 22 12 22 22 11 22 11 22 22 11 22 22 22 11 11 22 12 11 22 11 11 22 11 22 12 11 22 11 11 11 12 21 22 22 22 11 11 21 22 
19 22 12 22 22 11 22 11 22 22 12 22 22 22 11 22 22 21 22 22 22 11 12 22 11 22 21 22 22 22 22 22 12 22 21 12 22 21 22 12 12 22 11 12 22 12 21 11 22 22 11 22 21 11 22 11 22 22 22 22 11 22 12 22 22 22 11 22 11 22 22 11 22 22 22 11 12 22 22 21 11 12 11 22 11 21 21 11 22 11 21 11 12 22 22 22 22 11 11 11 11 
19 22 21 22 12 11 22 11 22 22 22 22 22 12 12 12 22 12 22 21 22 11 11 22 22 22 21 21 12 22 22 22 22 22 22 11 22 22 22 22 22 22 11 22 11 21 22 11 22 22 11 22 21 22 12 11 22 11 12 22 11 21 21 11 12 22 11 12 11 22 22 11 22 22 22 11 12 22 22 21 12 21 11 22 11 22 12 11 22 11 11 11 22 21 22 22 22 11 11 22 11 
19 22 12 22 21 11 22 21 22 21 22 22 22 12 21 11 22 12 22 11 21 11 11 22 22 22 12 12 22 22 22 22 22 12 21 12 22 22 22 22 22 22 11 21 22 22 22 11 12 22 12 22 22 11 22 11 22 11 22 22 11 22 11 11 22 22 11 22 11 22 22 11 22 22 22 11 11 22 22 11 12 21 11 21 11 22 11 11 22 11 22 11 12 22 22 22 22 11 11 21 11 
19 22 11 22 12 11 21 21 22 22 22 22 22 22 12 21 22 12 22 22 22 11 11 22 21 22 21 22 12 22 22 22 21 22 22 22 22 22 22 22 22 22 12 22 12 11 11 11 12 22 11 22 12 21 12 11 22 11 22 22 11 22 21 11 22 22 11 12 22 22 22 11 22 22 22 11 11 22 21 11 11 12 11 22 11 22 12 11 22 11 11 11 21 22 22 22 22 11 11 21 11 
19 22 22 22 21 11 22 11 22 22 22 22 22 12 22 22 22 22 22 11 21 11 21 22 21 22 22 22 22 22 22 22 22 22 22 12 21 21 22 12 22 22 21 11 12 11 22 11 21 22 11 12 21 21 11 11 22 21 22 22 11 11 11 22 22 22 11 22 12 22 22 11 21 22 22 11 12 22 12 11 22 11 11 12 11 22 12 11 22 11 21 11 12 22 22 22 22 11 11 11 11 
19 22 11 22 22 11 22 11 22 21 22 22 22 11 11 11 22 21 22 21 21 11 12 22 11 22 22 22 12 22 22 22 21 22 12 12 22 22 22 12 21 22 22 12 11 11 22 11 12 22 11 22 21 21 11 12 22 12 22 22 11 12 12 21 22 22 11 12 11 22 22 11 21 12 22 11 21 22 22 22 12 21 11 21 11 12 22 12 22 11 11 11 21 22 22 22 22 11 11 11 11 
19 22 11 22 22 11 11 11 22 22 22 22 22 22 22 11 12 11 22 11 12 21 22 22 11 22 12 12 22 22 22 22 22 22 21 12 21 22 22 12 11 22 12 21 11 12 12 11 12 22 11 22 21 12 21 11 22 12 21 22 11 22 21 11 22 22 11 22 22 22 22 11 22 22 22 11 12 22 22 11 11 21 11 22 11 22 21 11 22 11 11 11 22 22 22 21 22 11 11 12 11 
20 22 11 22 22 11 22 11 12 22 22 22 22 12 12 11 22 11 22 21 21 11 11 22 12 22 21 12 22 22 22 22 22 22 22 11 22 12 21 22 22 22 21 11 21 12 12 11 22 22 12 22 22 12 12 11 22 12 22 22 11 22 11 21 22 11 11 22 11 22 22 11 22 22 22 11 22 22 22 11 11 11 11 12 11 21 12 11 22 11 21 11 11 21 22 22 22 11 11 11 11 
20 22 11 22 22 11 22 11 22 22 22 22 22 22 11 12 22 12 22 12 12 11 12 22 22 22 12 22 22 22 22 22 22 22 22 21 12 21 21 22 21 22 21 12 22 11 21 11 21 22 11 22 22 22 12 11 22 12 22 22 11 22 21 11 22 22 11 22 11 22 22 11 22 22 22 11 21 22 21 12 21 12 11 12 11 22 11 11 22 11 22 11 21 22 22 22 22 11 11 12 12 
20 22 11 22 22 11 22 11 22 22 22 22 22 12 21 11 22 22 22 11 11 11 11 22 12 22 12 22 22 22 22 22 22 22 22 11 22 12 22 22 11 22 12 12 21 11 22 11 22 22 12 22 22 21 12 11 22 11 22 22 11 22 21 11 22 22 11 22 21 22 22 11 22 22 22 11 12 22 22 21 11 22 11 22 11 12 21 22 22 11 11 11 21 22 22 22 22 11 11 21 11 
20 22 11 22 22 11 21 11 22 22 22 22 22 22 12 22 22 22 22 12 21 11 11 22 12 22 11 22 12 22 22 22 22 22 11 11 22 22 22 21 21 22 21 11 22 11 12 11 22 22 21 22 12 22 11 11 22 22 22 22 11 11 12 11 22 22 11 22 12 22 12 11 22 22 22 11 12 22 22 21 11 12 11 11 11 21 22 11 22 11 11 11 22 22 22 22 22 11 11 21 11 
20 22 11 22 22 11 21 11 22 21 22 22 22 12 11 22 22 21 22 21 21 11 11 22 22 22 21 22 22 22 22 22 22 22 22 12 22 21 22 22 22 22 22 11 21 21 11 11 12 22 21 22 21 12 21 12 22 11 22 22 11 22 22 11 22 22 11 22 11 22 22 11 22 22 22 11 22 22 22 11 12 11 11 22 11 11 11 21 22 11 11 11 11 22 22 22 22 11 11 11 21 
20 22 11 22 12 11 22 11 22 22 22 22 22 11 12 22 22 22 22 21 21 11 11 22 21 22 11 22 12 22 22 22 11 22 22 11 22 12 21 22 21 22 11 12 22 11 22 11 21 22 12 22 22 12 22 11 22 21 12 22 11 22 11 12 22 21 11 22 21 22 22 11 21 22 22 11 12 22 12 12 22 11 11 12 11 12 11 11 22 11 12 11 21 22 22 22 22 11 11 11 21 
20 22 11 22 22 11 12 11 22 22 22 22 22 22 11 22 22 21 22 21 21 11 11 22 22 22 21 12 11 22 22 22 12 22 22 12 22 12 22 22 22 22 21 12 22 12 21 11 22 22 22 22 21 11 11 11 22 21 22 22 11 22 11 11 22 21 11 22 22 22 22 11 12 22 22 11 21 22 21 11 22 11 11 22 11 22 11 11 22 11 12 11 12 22 22 22 22 11 11 12 12 
20 22 12 22 22 11 21 11 12 22 22 22 12 11 12 21 22 22 22 12 12 11 11 22 22 22 22 12 22 22 22 22 21 22 21 22 22 22 11 22 22 22 21 11 21 11 21 11 22 22 12 22 22 11 21 11 22 12 22 22 11 22 11 12 22 22 11 22 11 22 22 11 12 22 22 11 21 22 21 11 22 22 11 21 11 11 21 11 22 11 12 11 21 21 22 22 22 11 11 21 22 
20 22 11 22 22 11 22 11 12 22 22 22 22 11 22 22 12 11 22 12 12 11 21 22 12 22 22 22 22 22 22 22 12 22 22 12 22 21 22 22 11 22 21 11 22 21 11 11 22 22 12 22 12 21 11 11 22 22 21 22 11 22 11 21 22 22 11 22 11 22 22 21 22 22 22 11 12 22 12 21 22 12 11 22 11 12 21 11 22 11 22 11 21 22 22 22 22 11 11 22 12 
20 22 11 22 22 11 22 12 12 22 22 22 22 22 21 12 22 12 22 21 11 11 12 22 22 22 22 12 21 22 22 22 22 22 22 11 22 22 21 22 22 22 12 11 12 21 22 11 22 22 21 22 22 11 12 11 22 22 22 22 11 22 11 22 22 12 11 22 21 22 22 11 21 22 22 11 12 22 21 11 11 11 11 21 11 12 21 12 22 11 12 11 12 22 22 22 22 11 11 11 11 
